0.5 1 4.9 
0.591649 2.97443 4.77163 
0.618793 4.7761 4.73752 
0.656411 7.08372 4.74234 
0.656527 8.83597 4.7037 
0.739506 10.6311 4.70823 
0.841565 12.9268 4.54546 
0.874774 14.8436 4.46053 
0.876576 15.9551 4.38865 
0.971423 17.9702 4.33761 
0.973994 19.0434 4.34856 
1.11594 19.024 4.42431 
1.34698 17.9715 4.2673 
1.34503 16.8738 4.21326 
1.36361 16.1302 4.09647 
1.47273 14.6887 3.87251 
1.54124 13.5413 3.65366 
1.60453 12.6032 3.52192 
1.71891 11.5409 3.45913 
1.72761 10.4208 3.32069 
1.71429 9.29693 3.17832 
1.76354 8.18839 3.08766 
1.83022 7.06288 2.79998 
1.80497 5.83681 2.64928 
1.82373 4.06793 2.46554 
1.9063 2.83672 2.30197 
1.88904 2.06293 2.10699 
2.06713 1.0026 1.93647 
2.24574 0.960851 1.90834 
2.27548 2.18817 1.86488 
2.30466 2.88929 1.8543 
2.38286 3.99459 1.8135 
2.37662 4.88013 1.73885 
2.43139 5.42384 1.71371 
2.49911 6.67992 1.70647 
2.58143 7.77704 1.66727 
2.62975 9.11791 1.50181 
2.64229 10.0401 1.43739 
2.66823 10.5803 1.35067 
2.79641 11.5468 1.20323 
2.89903 12.7759 1.17674 
3.00295 14.19 1.15552 
2.99451 15.3086 1.09912 
3.02622 17.059 1.04443 
3.03646 17.6534 0.994759 
3.10058 18.9086 0.872289 
3.25885 19.1097 0.922347 
3.39798 18.9227 0.886118 
3.44213 18.3553 0.805558 
3.44487 17.2135 0.724635 
3.4673 16.0328 0.596003 
3.41986 14.98 0.54387 
3.48415 13.8415 0.633056 
3.58112 12.2598 0.559541 
3.60399 11.0245 0.516115 
3.66955 9.78428 0.496351 
3.58144 8.14734 0.456734 
3.5992 6.45869 0.348051 
3.66569 4.73945 0.378103 
3.71587 3.07777 0.307902 
3.80448 2.22567 0.218735 
3.8 1 0.1 

